0.0	0.503686691648	0.149050031318	0.110018351043	0.10884256563	0.128402360362
0.375	0.0	0.00242718446602	0.0436893203883	0.347087378641	0.606796116505
0.04397	0.0	0.142857142857	0.142857142857	0.285714285714	0.428571428571
0.02813	0.338028169014	0.295774647887	0.140845070423	0.154929577465	0.0704225352113
0.5	0.00634091756807	0.00484893696382	0.0619171950765	0.349869451697	0.577023498695
0.09399	0.0	0.0	0.0	0.333333333333	0.666666666667
0.01382	0.632183908046	0.195402298851	0.0919540229885	0.0344827586207	0.0459770114943
0.11558	0.0	0.0	0.0	0.333333333333	0.666666666667
0.03883	0.139518413598	0.148725212465	0.199008498584	0.252124645892	0.260623229462
0.1371	0.0	0.0	0.0	0.368421052632	0.631578947368
0.0625	0.0511928429423	0.0702451954937	0.139385906782	0.301248067153	0.43792798763
0.625	0.0	0.0	0.0	0.25	0.75
0.09509	0.0	0.0	0.0	1.0	0.0
0.10561	0.0	0.0	0.0	0.0	1.0
0.06855	0.0	0.0229885057471	0.137931034483	0.436781609195	0.402298850575
0.08763	0.0	0.0	0.0694444444444	0.347222222222	0.583333333333
0.04189	0.0	0.0909090909091	0.181818181818	0.181818181818	0.545454545455
0.05528	0.026936026936	0.0808080808081	0.16835016835	0.360269360269	0.363636363636
0.07271	0.0	0.0	0.0	1.0	0.0
0.05834	0.0	0.0	0.0	1.0	0.0
0.07931	0.0	0.0434782608696	0.0869565217391	0.478260869565	0.391304347826
0.01168	1.0	0.0	0.0	0.0	0.0
0.05088	0.0769230769231	0.0769230769231	0.0769230769231	0.384615384615	0.384615384615
0.75	0.0	0.0	0.0175438596491	0.315789473684	0.666666666667
0.03137	0.251655629139	0.17880794702	0.198675496689	0.205298013245	0.165562913907
0.01223	0.823529411765	0.0588235294118	0.0588235294118	0.0588235294118	0.0
0.00279	0.8	0.0	0.0	0.0	0.2
0.08017	0.0	0.0	0.0	0.416666666667	0.583333333333
0.01486	0.6	0.4	0.0	0.0	0.0
0.07295	0.0	0.047619047619	0.047619047619	0.428571428571	0.47619047619
0.02764	0.558823529412	0.205882352941	0.0588235294118	0.117647058824	0.0588235294118
0.01538	0.467634603751	0.171808832426	0.146400483969	0.105868118572	0.108287961283
0.03718	0.125	0.25	0.125	0.375	0.125
0.02862	0.4	0.3	0.2	0.0	0.1
0.04892	0.0666666666667	0.133333333333	0.0666666666667	0.4	0.333333333333
0.08158	0.0	0.0	0.0	0.5	0.5
0.05308	0.0	0.0833333333333	0.0833333333333	0.5	0.333333333333
0.09705	0.0	0.0	0.166666666667	0.5	0.333333333333
0.01804	0.6	0.15	0.2	0.05	0.0
0.07051	0.00738916256158	0.0172413793103	0.135467980296	0.369458128079	0.470443349754
0.00305	0.6	0.2	0.0	0.0	0.2
0.02336	0.37106918239	0.276729559748	0.132075471698	0.106918238994	0.11320754717
0.02122	0.777777777778	0.0555555555556	0.111111111111	0.0	0.0555555555556
0.00558	0.0	1.0	0.0	0.0	0.0
0.03608	0.117117117117	0.192192192192	0.207207207207	0.261261261261	0.222222222222
0.0362	0.0940594059406	0.178217821782	0.237623762376	0.282178217822	0.207920792079
0.05198	0.0	0.125	0.291666666667	0.416666666667	0.166666666667
0.06659	0.0	0.0	0.0	0.0	1.0
0.05461	0.0540540540541	0.0675675675676	0.0945945945946	0.351351351351	0.432432432432
0.05473	0.0286738351254	0.0681003584229	0.207885304659	0.390681003584	0.304659498208
0.10922	0.0	0.0	0.0	1.0	0.0
0.08378	0.0	0.0	0.0	0.5	0.5
0.04201	0.0	0.0	1.0	0.0	0.0
0.01061	0.923076923077	0.0	0.0	0.0769230769231	0.0
0.03027	0.5	0.0	0.5	0.0	0.0
0.10616	0.0	0.0	0.0	0.666666666667	0.333333333333
0.08567	0.0	0.0	0.0	0.0	1.0
0.03553	0.134057971014	0.199275362319	0.188405797101	0.221014492754	0.257246376812
0.07326	0.0	0.0243902439024	0.0731707317073	0.487804878049	0.414634146341
0.08268	0.0	0.0	0.166666666667	0.5	0.333333333333
0.06042	0.051724137931	0.051724137931	0.103448275862	0.431034482759	0.362068965517
0.02923	0.214285714286	0.142857142857	0.0714285714286	0.214285714286	0.357142857143
0.01116	1.0	0.0	0.0	0.0	0.0
0.06415	0.0	0.0283018867925	0.122641509434	0.367924528302	0.481132075472
0.04782	0.0833333333333	0.0833333333333	0.25	0.333333333333	0.25
0.04727	0.0796460176991	0.0884955752212	0.203539823009	0.300884955752	0.327433628319
0.06305	0.0	0.0	0.0	1.0	0.0
0.06996	0.0114942528736	0.0114942528736	0.126436781609	0.390804597701	0.459770114943
0.2029	0.0	0.0	0.0	0.125	0.875
0.07601	0.0	0.0	0.0	0.0	1.0
0.11448	0.0	0.0	0.0	1.0	0.0
0.03021	0.363636363636	0.295454545455	0.0681818181818	0.204545454545	0.0681818181818
0.03828	0.114982578397	0.191637630662	0.19512195122	0.229965156794	0.268292682927
0.11919	0.0	0.0	0.0	0.0	1.0
0.09454	0.0	0.0	0.0	1.0	0.0
0.02018	0.727272727273	0.0909090909091	0.181818181818	0.0	0.0
0.03663	0.117647058824	0.156862745098	0.303921568627	0.245098039216	0.176470588235
0.07216	0.0152063721941	0.0434467776973	0.11585807386	0.362056480811	0.463432295438
0.04837	0.0	0.0	0.0	0.666666666667	0.333333333333
0.04079	0.0	0.25	0.0	0.5	0.25
0.10757	0.0	0.0	0.5	0.5	0.0
0.136	0.0	0.0	0.105263157895	0.368421052632	0.526315789474
0.00743	0.894736842105	0.0526315789474	0.0	0.0526315789474	0.0
0.0658	0.0	0.0	0.0	0.0	1.0
0.05626	0.0	0.0	0.333333333333	0.0	0.666666666667
0.04672	0.0	0.0	0.333333333333	0.0	0.666666666667
0.05418	0.0	0.117647058824	0.235294117647	0.294117647059	0.352941176471
0.12579	0.0	0.0	0.0	0.333333333333	0.666666666667
0.08873	0.0	0.0	0.0	1.0	0.0
0.0159	1.0	0.0	0.0	0.0	0.0
0.07656	0.0	0.0522388059701	0.10447761194	0.388059701493	0.455223880597
0.01275	1.0	0.0	0.0	0.0	0.0
0.07381	0.0	0.0	0.0	0.666666666667	0.333333333333
0.05253	0.08	0.12	0.16	0.32	0.32
0.017	0.642857142857	0.214285714286	0.0357142857143	0.0357142857143	0.0714285714286
0.03926	0.08	0.24	0.2	0.12	0.36
0.11032	0.0	0.0	0.0	0.0	1.0
0.00769	0.634615384615	0.142307692308	0.0653846153846	0.0769230769231	0.0807692307692
0.01596	0.503225806452	0.225806451613	0.135483870968	0.0903225806452	0.0451612903226
0.04464	0.083932853717	0.132693844924	0.184652278177	0.278177458034	0.320543565148
0.06941	0.0	0.0	0.0	0.466666666667	0.533333333333
0.05846	0.031746031746	0.047619047619	0.174603174603	0.444444444444	0.301587301587
0.11613	0.0	0.0	0.0	0.387096774194	0.612903225806
0.02281	0.431578947368	0.252631578947	0.168421052632	0.0842105263158	0.0631578947368
0.0061	0.675213675214	0.17094017094	0.0598290598291	0.0598290598291	0.034188034188
0.21311	0.0	0.0	0.0	0.125	0.875
0.11888	0.0	0.0	0.0769230769231	0.461538461538	0.461538461538
0.0636	0.0	0.0384615384615	0.102564102564	0.435897435897	0.423076923077
0.0691	0.0	0.0	0.0	0.25	0.75
0.07185	0.0	0.0	0.0	0.333333333333	0.666666666667
0.02917	0.21686746988	0.222891566265	0.234939759036	0.186746987952	0.138554216867
0.10506	0.0	0.0	0.0	0.0	1.0
0.4375	0.0	0.0	0.0	0.0740740740741	0.925925925926
0.04562	0.0	0.0	0.181818181818	0.454545454545	0.363636363636
0.02287	0.375	0.5	0.125	0.0	0.0
0.08818	0.0	0.0	1.0	0.0	0.0
0.0085	0.666666666667	0.111111111111	0.111111111111	0.0	0.111111111111
0.04299	0.0714285714286	0.25	0.0357142857143	0.428571428571	0.214285714286
0.1875	0.00263788968825	0.00503597122302	0.0436450839329	0.269544364508	0.679136690647
0.02391	0.5625	0.1875	0.1875	0.0625	0.0
0.10286	0.0	0.0333333333333	0.0	0.3	0.666666666667
0.05155	0.0530871321408	0.0905943450664	0.163300634737	0.32833237161	0.364685516445
0.06274	0.0	0.0	0.0	0.333333333333	0.666666666667
0.01908	0.527777777778	0.222222222222	0.0833333333333	0.0694444444444	0.0972222222222
0.07821	0.00602409638554	0.0301204819277	0.066265060241	0.367469879518	0.530120481928
0.06604	0.0164705882353	0.0533333333333	0.141960784314	0.33568627451	0.452549019608
0.02972	0.222222222222	0.5	0.0555555555556	0.111111111111	0.111111111111
0.10145	0.00209059233449	0.011149825784	0.0606271777003	0.327526132404	0.598606271777
0.051	0.0434782608696	0.173913043478	0.173913043478	0.434782608696	0.173913043478
0.08213	0.0263157894737	0.0131578947368	0.105263157895	0.355263157895	0.5
0.03871	0.121367521368	0.145299145299	0.193162393162	0.263247863248	0.276923076923
0.10891	0.00289855072464	0.0173913043478	0.0492753623188	0.353623188406	0.576811594203
0.05571	0.0	0.108695652174	0.217391304348	0.391304347826	0.282608695652
0.05724	0.013698630137	0.041095890411	0.191780821918	0.369863013699	0.383561643836
0.02868	0.25	0.375	0.25	0.0	0.125
0.04935	0.0333333333333	0.0333333333333	0.366666666667	0.333333333333	0.233333333333
0.02232	0.452380952381	0.293650793651	0.0952380952381	0.0952380952381	0.0634920634921
0.07106	0.0	0.0	0.0	0.5	0.5
0.00798	0.833333333333	0.0	0.0833333333333	0.0833333333333	0.0
0.10396	0.0	0.0	0.0714285714286	0.428571428571	0.5
0.3125	0.0	0.0015625	0.0265625	0.2	0.771875
0.06439	0.0	0.043956043956	0.0989010989011	0.362637362637	0.494505494505
0.0998	0.0	0.0	0.0	0.0	1.0
0.01431	0.6	0.2	0.0	0.2	0.0
0.12273	0.0	0.0	0.0	1.0	0.0
0.09124	0.0	0.0	0.0	0.454545454545	0.545454545455
0.00902	1.0	0.0	0.0	0.0	0.0
0.05791	0.0	0.111111111111	0.0	0.444444444444	0.444444444444
0.07075	0.00709219858156	0.0425531914894	0.0992907801418	0.333333333333	0.517730496454
0.02709	0.516129032258	0.129032258065	0.225806451613	0.0645161290323	0.0645161290323
0.00717	0.684210526316	0.105263157895	0.0	0.157894736842	0.0526315789474
0.10671	0.0	0.0	0.0	1.0	0.0
0.05033	0.0	0.0769230769231	0.153846153846	0.615384615385	0.153846153846
0.05045	0.0338983050847	0.101694915254	0.237288135593	0.338983050847	0.28813559322
0.07436	0.0	0.1	0.0	0.4	0.5
0.15044	0.0	0.0	0.0	0.0909090909091	0.909090909091
0.03235	0.317647058824	0.247058823529	0.176470588235	0.164705882353	0.0941176470588
0.02654	1.0	0.0	0.0	0.0	0.0
0.08072	0.0	0.0	0.15	0.416666666667	0.433333333333
0.09564	0.0	0.0	0.0	1.0	0.0
0.01749	0.714285714286	0.0952380952381	0.142857142857	0.047619047619	0.0
0.00477	0.0	0.666666666667	0.333333333333	0.0	0.0
0.10035	0.0	0.0	0.0	0.285714285714	0.714285714286
0.08708	0.0	0.0	0.0	1.0	0.0
0.01434	0.78431372549	0.0980392156863	0.0196078431373	0.0588235294118	0.0392156862745
0.04091	0.0851063829787	0.157446808511	0.182978723404	0.327659574468	0.246808510638
0.06207	0.021207177814	0.0636215334421	0.164763458401	0.360522022838	0.389885807504
0.17117	0.0	0.0	0.0	0.0	1.0
0.02067	0.526315789474	0.315789473684	0.0	0.0526315789474	0.105263157895
0.06745	0.0	0.0	0.117647058824	0.235294117647	0.647058823529
0.01859	0.44776119403	0.253731343284	0.179104477612	0.0746268656716	0.044776119403
0.09038	0.0	0.0	0.0	0.5	0.5
0.03302	0.204444444444	0.182222222222	0.177777777778	0.235555555556	0.2
0.00905	0.661290322581	0.225806451613	0.0322580645161	0.0483870967742	0.0322580645161
0.07742	0.00334448160535	0.0334448160535	0.133779264214	0.341137123746	0.488294314381
0.07907	0.0144927536232	0.0289855072464	0.101449275362	0.391304347826	0.463768115942
0.03498	0.210526315789	0.157894736842	0.315789473684	0.157894736842	0.157894736842
0.00954	1.0	0.0	0.0	0.0	0.0
0.12414	0.0	0.0	0.0952380952381	0.47619047619	0.428571428571
0.07711	0.0	0.0	0.0	0.5	0.5
0.05516	0.04	0.08	0.2	0.2	0.48
0.00292	0.166666666667	0.333333333333	0.333333333333	0.0	0.166666666667
0.01969	0.402597402597	0.311688311688	0.12987012987	0.0649350649351	0.0909090909091
0.00532	0.764705882353	0.102941176471	0.0294117647059	0.0882352941176	0.0147058823529
0.02758	0.25	0.25	0.0	0.0	0.5
0.00691	1.0	0.0	0.0	0.0	0.0
0.08182	0.00518806744488	0.0220492866407	0.112840466926	0.334630350195	0.525291828794
0.11307	0.0	0.0	0.0	0.5	0.5
0.08488	0.0	0.0	0.0	0.0	1.0
0.02128	0.354217603912	0.200794621027	0.160146699267	0.135391198044	0.149449877751
0.01963	1.0	0.0	0.0	0.0	0.0
0.06109	0.0140845070423	0.056338028169	0.183098591549	0.408450704225	0.338028169014
0.01009	1.0	0.0	0.0	0.0	0.0
0.04452	0.0769230769231	0.131868131868	0.241758241758	0.307692307692	0.241758241758
0.0987	0.0	0.0	0.0	1.0	0.0
0.0181	0.541984732824	0.206106870229	0.0992366412214	0.0687022900763	0.0839694656489
0.28125	0.0	0.0	0.027027027027	0.135135135135	0.837837837838
0.06054	0.166666666667	0.0833333333333	0.0833333333333	0.333333333333	0.333333333333
0.10121	0.0	0.0	0.0	0.5	0.5
0.00795	1.0	0.0	0.0	0.0	0.0
0.034	0.25	0.125	0.25	0.125	0.25
0.1327	0.0	0.0	0.0	0.0	1.0
0.04825	0.0725388601036	0.0673575129534	0.19689119171	0.336787564767	0.326424870466
0.06549	0.0	0.0909090909091	0.136363636364	0.545454545455	0.227272727273
0.01064	0.550304878049	0.196646341463	0.100609756098	0.077743902439	0.0746951219512
0.12139	0.0	0.0	0.0	0.2	0.8
0.03565	0.25	0.2	0.2	0.1	0.25
0.16364	0.0	0.00615384615385	0.0246153846154	0.252307692308	0.716923076923
0.02703	0.274751491054	0.17634194831	0.167992047714	0.172365805169	0.208548707753
0.125	0.011517684232	0.0166140046886	0.0678320252777	0.28437468148	0.619661604322
0.01113	1.0	0.0	0.0	0.0	0.0
0.05351	0.025974025974	0.0649350649351	0.181818181818	0.350649350649	0.376623376623
0.04146	0.121212121212	0.151515151515	0.181818181818	0.30303030303	0.242424242424
0.00399	0.5	0.0	0.5	0.0	0.0
0.06525	0.0	0.0	1.0	0.0	0.0
0.13208	0.0025641025641	0.00940170940171	0.0512820512821	0.280341880342	0.65641025641
0.02177	0.727272727273	0.0	0.181818181818	0.0	0.0909090909091
0.05143	0.0486257928118	0.0697674418605	0.209302325581	0.317124735729	0.355179704017
0.08983	0.0	0.0	0.0	0.0	1.0
0.13992	0.0	0.0	0.0	0.0	1.0
0.0318	0.295454545455	0.193181818182	0.227272727273	0.170454545455	0.113636363636
0.04134	0.139534883721	0.162790697674	0.162790697674	0.232558139535	0.302325581395
0.05987	0.0	0.0	0.153846153846	0.307692307692	0.538461538462
0.07632	0.0	0.0	0.111111111111	0.222222222222	0.666666666667
0.07876	0.0	0.0	0.0	1.0	0.0
0.04507	0.0816326530612	0.122448979592	0.183673469388	0.30612244898	0.30612244898
0.068	0.0	0.0227272727273	0.193181818182	0.397727272727	0.386363636364
0.06329	0.0268427780145	0.0609288453345	0.138048572646	0.327652322113	0.446527481892
0.05736	0.0	0.0	0.0555555555556	0.555555555556	0.388888888889
0.17526	0.0	0.0	0.5	0.0	0.5
0.03455	0.117647058824	0.352941176471	0.235294117647	0.235294117647	0.0588235294118
0.02226	0.333333333333	0.416666666667	0.0833333333333	0.166666666667	0.0
0.05363	0.044776119403	0.0597014925373	0.149253731343	0.417910447761	0.328358208955
0.00159	0.0	0.0	1.0	0.0	0.0
0.08794	0.0	0.0	0.0	0.0	1.0
0.08543	0.0210526315789	0.0315789473684	0.0736842105263	0.294736842105	0.578947368421
0.0724	0.010101010101	0.030303030303	0.111111111111	0.323232323232	0.525252525253
0.07161	0.0	0.0	0.0	0.5	0.5
0.04715	0.0	0.0588235294118	0.235294117647	0.323529411765	0.382352941176
0.03247	0.192015209125	0.192015209125	0.207224334601	0.214828897338	0.19391634981
0.03443	0.375	0.1875	0.1875	0.125	0.125
0.12658	0.0	0.00536193029491	0.0482573726542	0.292225201072	0.654155495979
0.06635	0.0115606936416	0.0693641618497	0.109826589595	0.433526011561	0.375722543353
0.04244	0.0666666666667	0.2	0.311111111111	0.222222222222	0.2
0.07491	0.0	0.0408163265306	0.0204081632653	0.367346938776	0.571428571429
0.01651	0.769230769231	0.153846153846	0.0769230769231	0.0	0.0
0.04036	0.112554112554	0.194805194805	0.177489177489	0.277056277056	0.238095238095
0.09179	0.0	0.0	0.0888888888889	0.333333333333	0.577777777778
0.05889	0.0	0.0	0.0	1.0	0.0
0.05944	0.0161290322581	0.0645161290323	0.177419354839	0.322580645161	0.41935483871
0.18987	0.0	0.0	0.0	0.5	0.5
0.03125	0.22347266881	0.162525577317	0.170125694241	0.202718503362	0.24115755627
0.04409	0.111111111111	0.0555555555556	0.111111111111	0.333333333333	0.388888888889
0.06886	0.0	0.0384615384615	0.115384615385	0.384615384615	0.461538461538
0.02446	0.430769230769	0.230769230769	0.153846153846	0.123076923077	0.0615384615385
0.02495	0.166666666667	0.444444444444	0.166666666667	0.111111111111	0.111111111111
0.0122	0.522629310345	0.190732758621	0.134698275862	0.0614224137931	0.0905172413793
0.04617	0.0	0.25	0.25	0.25	0.25
0.06965	0.00552486187845	0.00552486187845	0.127071823204	0.381215469613	0.480662983425
0.08127	0.0	0.04	0.04	0.56	0.36
0.16505	0.0	0.0	0.0	0.0	1.0
0.02599	0.0	0.5	0.5	0.0	0.0
0.02605	0.5	0.0	0.166666666667	0.0	0.333333333333
0.03345	0.428571428571	0.0	0.428571428571	0.142857142857	0.0
0.03938	0.4	0.0	0.0	0.2	0.4
0.31707	0.0	0.0	0.0	0.0	1.0
0.11197	0.0	0.0	0.0	0.0	1.0
0.08904	0.00956937799043	0.00956937799043	0.0717703349282	0.320574162679	0.588516746411
0.02385	0.47619047619	0.333333333333	0.047619047619	0.0952380952381	0.047619047619
0.10781	0.0	0.0	0.0	0.666666666667	0.333333333333
0.00636	1.0	0.0	0.0	0.0	0.0
0.09375	0.0146875	0.02546875	0.08953125	0.30703125	0.56328125
0.07962	0.0	0.133333333333	0.0666666666667	0.2	0.6
0.0521	0.0	0.0	0.181818181818	0.272727272727	0.545454545455
0.15625	0.00182648401826	0.00867579908676	0.041095890411	0.260730593607	0.687671232877
0.07852	0.0	0.0	0.333333333333	0.333333333333	0.333333333333
0.07797	0.0	0.0	0.0	0.363636363636	0.636363636364
0.05779	0.0	0.04	0.24	0.4	0.32
0.08457	0.0	0.0	0.0	0.5	0.5
0.09014	0.0	0.0	1.0	0.0	0.0
0.04519	0.111111111111	0.222222222222	0.0	0.222222222222	0.444444444444
0.03761	0.0952380952381	0.190476190476	0.285714285714	0.190476190476	0.238095238095
0.02073	0.464912280702	0.201754385965	0.118421052632	0.122807017544	0.0921052631579
0.0647	0.0	0.0	0.0	0.333333333333	0.666666666667
0.06494	0.0236122618061	0.0617232808616	0.134631317316	0.330571665286	0.449461474731
0.0669	0.0151515151515	0.030303030303	0.106060606061	0.348484848485	0.5
0.04574	0.0714285714286	0.0714285714286	0.357142857143	0.428571428571	0.0714285714286
0.0255	0.333333333333	0.230769230769	0.205128205128	0.153846153846	0.0769230769231
0.00957	0.75	0.132352941176	0.0441176470588	0.0588235294118	0.0147058823529
0.17808	0.0	0.0454545454545	0.0909090909091	0.0454545454545	0.818181818182
0.0477	0.0	0.0	0.263157894737	0.368421052632	0.368421052632
0.01272	0.5	0.4	0.1	0.0	0.0
0.21875	0.0	0.00441501103753	0.0176600441501	0.229580573951	0.748344370861
0.04354	0.166666666667	0.0	0.333333333333	0.166666666667	0.333333333333
0.03981	0.0555555555556	0.0	0.166666666667	0.277777777778	0.5
0.00318	0.666666666667	0.0	0.166666666667	0.166666666667	0.0
0.0713	0.0	0.0	0.0	0.75	0.25
0.03816	0.0	0.2	0.2	0.4	0.2
0.01914	0.5	0.256578947368	0.0986842105263	0.0986842105263	0.0460526315789
0.01379	0.553398058252	0.216828478964	0.10355987055	0.0614886731392	0.0647249190939
0.05669	0.0	0.0	0.166666666667	0.5	0.333333333333
0.05681	0.0	0.0	0.0	1.0	0.0
0.07522	0.0	0.027027027027	0.0945945945946	0.486486486486	0.391891891892
0.0499	0.0	0.190476190476	0.142857142857	0.380952380952	0.285714285714
0.01327	0.647887323944	0.169014084507	0.0704225352113	0.0845070422535	0.0281690140845
0.1338	0.0	0.0	0.111111111111	0.111111111111	0.777777777778
0.09148	0.0	0.0	0.2	0.2	0.6
0.01645	0.625	0.2	0.075	0.05	0.05
0.34375	0.0	0.0	0.0	0.0	1.0
0.10702	0.0	0.0	0.0	0.0	1.0
0.02544	0.545454545455	0.181818181818	0.0909090909091	0.0909090909091	0.0909090909091
0.25	0.00758944705457	0.00843271894952	0.0557764124804	0.28321888929	0.644982532225
0.03204	0.2	0.35	0.2	0.15	0.1
0.10695	0.0	0.0	0.0952380952381	0.285714285714	0.619047619048
0.06934	0.0217391304348	0.0434782608696	0.108695652174	0.5	0.326086956522
0.02978	0.357142857143	0.142857142857	0.321428571429	0.142857142857	0.0357142857143
0.03082	0.168539325843	0.213483146067	0.14606741573	0.23595505618	0.23595505618
0.17213	0.0	0.0	0.0	0.0	1.0
0.05858	0.0182926829268	0.0670731707317	0.158536585366	0.359756097561	0.396341463415
0.00639	0.818181818182	0.181818181818	0.0	0.0	0.0
0.04421	0.157894736842	0.157894736842	0.315789473684	0.157894736842	0.210526315789
0.14607	0.0	0.0	0.0357142857143	0.309523809524	0.654761904762
0.04378	0.0967741935484	0.290322580645	0.193548387097	0.225806451613	0.193548387097
0.09894	0.0	0.0	0.0	0.2	0.8
0.06298	0.0	0.333333333333	0.0	0.333333333333	0.333333333333
0.12644	0.0	0.0	0.0629921259843	0.275590551181	0.661417322835
0.05014	0.0	0.0731707317073	0.268292682927	0.292682926829	0.365853658537
0.11441	0.0	0.0	0.0	0.0	1.0
0.0192	0.692307692308	0.0769230769231	0.230769230769	0.0	0.0
0.08756	0.0	0.0	0.175	0.375	0.45
1.0	0.00815217391304	0.0054347826087	0.0570652173913	0.222826086957	0.70652173913
0.02507	0.451612903226	0.225806451613	0.193548387097	0.0645161290323	0.0645161290323
0.16883	0.0	0.0	0.103448275862	0.137931034483	0.758620689655
0.07209	0.0	0.0	0.111111111111	0.555555555556	0.333333333333
0.0746	0.0	0.0	0.5	0.0	0.5
0.07484	0.0	0.0	0.0	0.25	0.75
0.01278	0.521739130435	0.260869565217	0.173913043478	0.0434782608696	0.0
0.05583	0.047619047619	0.0952380952381	0.047619047619	0.571428571429	0.238095238095
0.05595	0.0	0.0	1.0	0.0	0.0
0.02348	0.0	0.333333333333	0.333333333333	0.333333333333	0.0
0.08646	0.0	0.0	1.0	0.0	0.0
0.00373	0.6	0.1	0.2	0.1	0.0
0.05803	0.0	0.0	0.0	1.0	0.0
0.07649	0.0	0.0	0.111111111111	0.333333333333	0.555555555556
0.04476	0.0	0.0	1.0	0.0	0.0
0.10884	0.0	0.0	0.0735294117647	0.367647058824	0.558823529412
0.05913	0.0	0.037037037037	0.0740740740741	0.333333333333	0.555555555556
0.00214	0.0	0.0	1.0	0.0	0.0
0.04311	0.0	0.0	0.0	0.0	1.0
0.03161	0.214285714286	0.142857142857	0.261904761905	0.142857142857	0.238095238095
0.03687	0.117154811715	0.196652719665	0.205020920502	0.259414225941	0.221757322176
0.01541	0.5	0.166666666667	0.166666666667	0.166666666667	0.0
0.00193	1.0	0.0	0.0	0.0	0.0
0.04904	0.0	0.0	0.25	0.333333333333	0.416666666667
0.00908	0.5	0.5	0.0	0.0	0.0
0.07759	0.0103896103896	0.0324675324675	0.106493506494	0.354545454545	0.496103896104
0.07264	0.0	0.0	0.333333333333	0.333333333333	0.333333333333
0.04696	0.0666666666667	0.0888888888889	0.133333333333	0.444444444444	0.266666666667
0.03088	0.354838709677	0.129032258065	0.258064516129	0.161290322581	0.0967741935484
0.00746	0.634615384615	0.197115384615	0.0625	0.0721153846154	0.0336538461538
0.00853	0.75	0.0	0.0	0.25	0.0
0.06176	0.0178571428571	0.0357142857143	0.125	0.375	0.446428571429
0.12077	0.0	0.0	0.0	0.0	1.0
0.02397	0.34328358209	0.208955223881	0.208955223881	0.149253731343	0.089552238806
0.01171	0.666666666667	0.166666666667	0.166666666667	0.0	0.0
0.06903	0.0	0.0	0.142857142857	0.857142857143	0.0
0.07735	0.0	0.048128342246	0.101604278075	0.406417112299	0.44385026738
0.05485	0.0372340425532	0.063829787234	0.175531914894	0.313829787234	0.409574468085
0.05901	0.0	0.0185185185185	0.185185185185	0.37037037037	0.425925925926
0.04213	0.0769230769231	0.288461538462	0.115384615385	0.269230769231	0.25
0.1097	0.0	0.0	0.0	0.5	0.5
0.06066	0.0	0.0	0.0	0.444444444444	0.555555555556
0.05112	0.0151515151515	0.0757575757576	0.19696969697	0.469696969697	0.242424242424
0.00506	0.8	0.0	0.0	0.0	0.2
0.16993	0.0	0.0	0.0	0.0	1.0
0.04806	0.0	0.0	0.285714285714	0.571428571429	0.142857142857
0.09392	0.0	0.0333333333333	0.0666666666667	0.416666666667	0.483333333333
0.0768	0.0	0.0	0.0	0.0	1.0
0.13287	0.0	0.0	0.0	0.363636363636	0.636363636364
0.07986	0.0	0.0416666666667	0.0416666666667	0.5	0.416666666667
0.04323	0.0740740740741	0.12962962963	0.203703703704	0.314814814815	0.277777777778
0.08921	0.0	0.0	0.0	1.0	0.0
0.04794	0.0	0.0	0.5	0.5	0.0
0.06267	0.0	0.0	0.352941176471	0.294117647059	0.352941176471
0.06463	0.0	0.0333333333333	0.1	0.3	0.566666666667
0.00963	1.0	0.0	0.0	0.0	0.0
0.05332	0.0	0.0	0.0	0.333333333333	0.666666666667
0.01015	0.71875	0.114583333333	0.0625	0.0833333333333	0.0208333333333
0.01767	0.581818181818	0.254545454545	0.0727272727273	0.0363636363636	0.0545454545455
0.10334	0.0	0.0	0.0	0.0	1.0
0.05375	0.0	0.0	0.0	0.0	1.0
0.10774	0.0	0.0	0.0	0.0	1.0
0.04103	0.125	0.178125	0.171875	0.240625	0.284375
0.0823	0.0	0.0731707317073	0.146341463415	0.243902439024	0.536585365854
0.10224	0.0	0.0	0.0	0.0	1.0
0.02715	0.284848484848	0.224242424242	0.218181818182	0.127272727273	0.145454545455
0.03216	0.225	0.2	0.175	0.225	0.175
0.08811	0.0	0.0	0.0882352941176	0.441176470588	0.470588235294
0.04684	0.0540540540541	0.027027027027	0.189189189189	0.405405405405	0.324324324324
0.03412	0.171428571429	0.228571428571	0.171428571429	0.257142857143	0.171428571429
0.01657	0.552763819095	0.256281407035	0.0904522613065	0.0402010050251	0.0603015075377
0.01067	0.875	0.0	0.125	0.0	0.0
0.05956	0.0	0.0208333333333	0.1875	0.395833333333	0.395833333333
0.01926	0.833333333333	0.0	0.166666666667	0.0	0.0
0.13445	0.0	0.0	0.0	0.296296296296	0.703703703704
0.00454	1.0	0.0	0.0	0.0	0.0
0.02825	0.271641791045	0.2	0.194029850746	0.191044776119	0.14328358209
0.01174	0.75	0.0	0.125	0.125	0.0
0.06219	0.0	0.0666666666667	0.2	0.466666666667	0.266666666667
0.0801	0.0	0.0	0.166666666667	0.166666666667	0.666666666667
0.01706	0.452830188679	0.320754716981	0.188679245283	0.0377358490566	0.0
0.01712	0.52	0.32	0.04	0.04	0.08
0.06164	0.0242718446602	0.0598705501618	0.15857605178	0.367313915858	0.38996763754
0.03632	0.148148148148	0.333333333333	0.111111111111	0.222222222222	0.185185185185
0.05277	0.0612244897959	0.142857142857	0.122448979592	0.30612244898	0.367346938776
0.14198	0.0	0.0	0.0	0.0	1.0
0.01437	0.789473684211	0.157894736842	0.0526315789474	0.0	0.0
0.07429	0.0	0.0406091370558	0.106598984772	0.329949238579	0.522842639594
0.05968	0.0	0.0	1.0	0.0	0.0
0.14167	0.0	0.0	0.0526315789474	0.210526315789	0.736842105263
0.01865	0.545454545455	0.272727272727	0.0909090909091	0.0909090909091	0.0
0.02024	0.478723404255	0.202127659574	0.159574468085	0.0531914893617	0.106382978723
0.16522	0.0	0.0	0.0	0.0	1.0
0.0048	1.0	0.0	0.0	0.0	0.0
0.11111	0.0134062530249	0.0245377988578	0.0782112089827	0.283999612816	0.599845126319
0.04005	0.25	0.25	0.25	0.0	0.25
0.07013	0.0	0.0	0.0909090909091	0.272727272727	0.636363636364
0.04959	0.0726770929163	0.111315547378	0.170193192272	0.317387304508	0.328426862925
0.08591	0.0	0.0	0.1	0.35	0.55
0.01761	0.52	0.28	0.08	0.0533333333333	0.0666666666667
0.09172	0.0	0.0	0.0	0.666666666667	0.333333333333
0.03149	0.0	1.0	0.0	0.0	0.0
0.1086	0.0	0.0	0.0	0.0	1.0
0.00201	1.0	0.0	0.0	0.0	0.0
0.03534	0.15625	0.166666666667	0.15625	0.28125	0.239583333333
0.05057	0.0344827586207	0.103448275862	0.241379310345	0.413793103448	0.206896551724
0.0373	0.125	0.3125	0.125	0.21875	0.21875
0.01012	0.8	0.2	0.0	0.0	0.0
0.06628	0.0	0.0689655172414	0.0344827586207	0.48275862069	0.413793103448
0.03314	0.272727272727	0.0	0.454545454545	0.0909090909091	0.181818181818
0.00386	0.833333333333	0.0833333333333	0.0	0.0833333333333	0.0
0.05167	0.0	0.0655737704918	0.0819672131148	0.393442622951	0.459016393443
0.08175	0.0	0.0	0.0	0.0	1.0
0.0779	0.0	0.0	0.0	1.0	0.0
0.0144	0.666666666667	0.0	0.0	0.0	0.333333333333
0.0395	0.238095238095	0.142857142857	0.142857142857	0.142857142857	0.333333333333
0.03467	0.263157894737	0.184210526316	0.289473684211	0.0789473684211	0.184210526316
0.08096	0.0	0.0	0.0	1.0	0.0
0.10193	0.0	0.0	0.0	0.0	1.0
0.06989	0.00393700787402	0.0236220472441	0.145669291339	0.366141732283	0.46062992126
0.10585	0.0	0.0	0.0	1.0	0.0
0.02874	0.224137931034	0.221264367816	0.181034482759	0.206896551724	0.166666666667
0.02238	1.0	0.0	0.0	0.0	0.0
0.05387	0.037037037037	0.0864197530864	0.185185185185	0.382716049383	0.308641975309
0.02293	0.5	0.25	0.0	0.25	0.0
0.00613	0.6	0.2	0.0666666666667	0.108333333333	0.025
0.06408	0.0	0.0	0.0	0.5	0.5
0.01608	0.578947368421	0.342105263158	0.0789473684211	0.0	0.0
0.01122	1.0	0.0	0.0	0.0	0.0
0.07068	0.0	0.0	0.2	0.0	0.8
0.04947	0.0412371134021	0.123711340206	0.216494845361	0.340206185567	0.278350515464
0.05069	0.012	0.064	0.188	0.336	0.4
0.02183	0.452702702703	0.263513513514	0.114864864865	0.121621621622	0.0472972972973
0.03797	0.133363886343	0.134280476627	0.201649862511	0.240146654445	0.290559120073
0.079	0.0	0.0	0.0	1.0	0.0
0.02134	0.433333333333	0.166666666667	0.233333333333	0.0333333333333	0.133333333333
0.08897	0.0	0.0	0.0	0.230769230769	0.769230769231
0.02403	0.666666666667	0.222222222222	0.0	0.0	0.111111111111
0.13978	0.0	0.0	0.0526315789474	0.223684210526	0.723684210526
0.06322	0.0108695652174	0.0489130434783	0.176630434783	0.377717391304	0.385869565217
0.15972	0.0	0.0	0.0	0.0	1.0
0.0757	0.0	0.0576923076923	0.0961538461538	0.403846153846	0.442307692308
0.00804	0.75	0.25	0.0	0.0	0.0
0.06824	0.0	0.111111111111	0.0	0.333333333333	0.555555555556
0.00665	1.0	0.0	0.0	0.0	0.0
0.05638	0.0	0.046511627907	0.186046511628	0.302325581395	0.46511627907
0.0288	0.366666666667	0.333333333333	0.2	0.1	0.0
0.04586	0.0	0.0	0.4	0.3	0.3
0.0203	0.489583333333	0.161458333333	0.119791666667	0.119791666667	0.109375
0.04366	0.0666666666667	0.0666666666667	0.333333333333	0.266666666667	0.266666666667
0.11881	0.0	0.0	0.05	0.394444444444	0.555555555556
0.02244	0.459016393443	0.16393442623	0.245901639344	0.0327868852459	0.0983606557377
0.09337	0.0	0.0	0.0	0.0	1.0
0.0036	0.583333333333	0.166666666667	0.0833333333333	0.166666666667	0.0
0.08732	0.0	0.0	0.166666666667	0.333333333333	0.5
0.02342	0.444444444444	0.333333333333	0.111111111111	0.0740740740741	0.037037037037
0.04268	0.0957446808511	0.122340425532	0.168439716312	0.324468085106	0.289007092199
0.08952	0.0	0.0	0.0	0.5	0.5
0.12438	0.0	0.0	0.0	0.5	0.5
0.06769	0.0	0.0285714285714	0.171428571429	0.342857142857	0.457142857143
0.06793	0.0	0.0	0.0555555555556	0.388888888889	0.555555555556
0.0735	0.0	0.0	0.25	0.5	0.25
0.06738	0.0	0.0192307692308	0.0769230769231	0.346153846154	0.557692307692
0.02452	0.41935483871	0.258064516129	0.0645161290323	0.129032258065	0.129032258065
0.07955	0.00791556728232	0.0415567282322	0.110817941953	0.328496042216	0.511213720317
0.04488	0.0	0.0	0.333333333333	0.333333333333	0.333333333333
0.07625	0.0	0.0	0.0	0.285714285714	0.714285714286
0.06011	0.0166666666667	0.0666666666667	0.147222222222	0.344444444444	0.425
0.10279	0.0	0.0	0.0	0.0	1.0
0.00801	1.0	0.0	0.0	0.0	0.0
0.08787	0.0	0.0	0.0833333333333	0.458333333333	0.458333333333
0.08065	0.0130098452883	0.0309423347398	0.106891701828	0.333333333333	0.51582278481
0.08371	0.0	0.0	0.0	0.5	0.5
0.10138	0.0	0.0	0.0	0.272727272727	0.727272727273
0.01119	0.736842105263	0.105263157895	0.105263157895	0.0	0.0526315789474
0.01385	0.785714285714	0.142857142857	0.0	0.0	0.0714285714286
0.11661	0.0	0.0	0.0	0.0	1.0
0.05693	0.0	0.03125	0.25	0.1875	0.53125
0.04739	0.0297397769517	0.092936802974	0.230483271375	0.35687732342	0.289962825279
0.09117	0.0	0.0	0.0	0.0	1.0
0.0266	0.307116104869	0.23595505618	0.14606741573	0.153558052434	0.157303370787
0.06231	0.0	0.0263157894737	0.131578947368	0.368421052632	0.473684210526
0.01871	0.875	0.125	0.0	0.0	0.0
0.10499	0.0	0.0	0.0	0.0	1.0
0.03577	0.0	0.142857142857	0.428571428571	0.142857142857	0.285714285714
0.06518	0.0	0.0	0.333333333333	0.166666666667	0.5
0.01489	0.692307692308	0.230769230769	0.0769230769231	0.0	0.0
0.03522	0.0	0.0	1.0	0.0	0.0
0.12565	0.0	0.0	0.0	0.0	1.0
0.09502	0.0	0.0	0.0555555555556	0.277777777778	0.666666666667
0.02721	0.302371541502	0.203557312253	0.158102766798	0.166007905138	0.169960474308
0.06714	0.0	0.0625	0.229166666667	0.3125	0.395833333333
0.0277	0.289473684211	0.315789473684	0.157894736842	0.131578947368	0.105263157895
0.05124	0.0	0.0	0.125	0.625	0.25
0.0543	0.019801980198	0.0594059405941	0.19801980198	0.326732673267	0.39603960396
0.08261	0.0175438596491	0.0	0.122807017544	0.385964912281	0.473684210526
0.06432	0.0	0.0	0.333333333333	0.333333333333	0.333333333333
0.07099	0.0	0.08	0.04	0.6	0.28
0.08316	0.0	0.0	0.0	0.0	1.0
0.11465	0.0	0.0	0.0416666666667	0.208333333333	0.75
0.0532	0.0	0.0	1.0	0.0	0.0
0.03675	0.173913043478	0.152173913043	0.195652173913	0.217391304348	0.260869565217
0.03993	0.0769230769231	0.307692307692	0.0769230769231	0.307692307692	0.230769230769
0.06683	0.0	0.0	0.192307692308	0.307692307692	0.5
0.02611	0.588235294118	0.264705882353	0.0294117647059	0.0294117647059	0.0882352941176
0.06377	0.0	0.0	0.111111111111	0.444444444444	0.444444444444
0.09863	0.0	0.0	0.0	0.0	1.0
0.04115	0.100502512563	0.125628140704	0.246231155779	0.291457286432	0.236180904523
0.0406	0.25	0.25	0.25	0.125	0.125
0.08701	0.0	0.0	0.0	0.0	1.0
0.13115	0.00261437908497	0.00522875816993	0.037908496732	0.267973856209	0.686274509804
0.06353	0.142857142857	0.0	0.428571428571	0.285714285714	0.142857142857
0.09643	0.0	0.0	0.125	0.375	0.5
0.10059	0.0	0.0	0.107142857143	0.303571428571	0.589285714286
0.03479	0.333333333333	0.666666666667	0.0	0.0	0.0
0.01226	1.0	0.0	0.0	0.0	0.0
0.0133	0.75	0.2	0.05	0.0	0.0
0.01333	0.493004115226	0.190946502058	0.129218106996	0.0872427983539	0.0995884773663
0.02819	0.428571428571	0.285714285714	0.142857142857	0.0	0.142857142857
0.11221	0.0	0.0	0.0	0.0	1.0
0.0812	0.0	0.0	0.0892857142857	0.428571428571	0.482142857143
0.11245	0.0	0.0	0.0	0.0	1.0
0.0576	0.0	0.0	0.2	0.45	0.35
0.04433	0.102389078498	0.116040955631	0.242320819113	0.279863481229	0.259385665529
0.06879	0.0	0.0	0.0	1.0	0.0
0.12022	0.0	0.0	0.0	0.5	0.5
0.04048	0.166666666667	0.125	0.166666666667	0.291666666667	0.25
0.03742	0.133333333333	0.133333333333	0.4	0.266666666667	0.0666666666667
0.08677	0.0	0.0	0.0	0.0	1.0
0.02929	0.269230769231	0.166666666667	0.224358974359	0.205128205128	0.134615384615
0.00772	0.51724137931	0.241379310345	0.0344827586207	0.0689655172414	0.137931034483
0.05442	0.0348189415042	0.0738161559889	0.194986072423	0.345403899721	0.350974930362
0.04641	0.0828729281768	0.060773480663	0.204419889503	0.39226519337	0.259668508287
0.0554	0.025	0.075	0.125	0.4	0.375
0.0384	0.0	0.125	0.375	0.5	0.0
0.03369	0.222222222222	0.111111111111	0.111111111111	0.222222222222	0.333333333333
0.06023	0.0	0.0	0.0	0.0	1.0
0.22222	0.00311074243053	0.00705101617586	0.0510161758606	0.275611779345	0.663210286188
0.07539	0.0	0.0	0.0	0.25	0.75
0.04751	0.0	0.0588235294118	0.176470588235	0.558823529412	0.205882352941
0.0565	0.0151515151515	0.0656565656566	0.159090909091	0.376262626263	0.383838383838
0.04849	0.0	0.0	0.2	0.6	0.2
0.08395	0.0	0.0	0.0	0.0	1.0
0.03357	0.264705882353	0.147058823529	0.264705882353	0.176470588235	0.147058823529
0.05222	0.0833333333333	0.0555555555556	0.166666666667	0.305555555556	0.388888888889
0.01975	0.565217391304	0.304347826087	0.0434782608696	0.0434782608696	0.0434782608696
0.01544	0.64	0.213333333333	0.0533333333333	0.04	0.0533333333333
0.04531	0.104761904762	0.161904761905	0.209523809524	0.266666666667	0.257142857143
0.08481	0.0	0.0	0.0	0.642857142857	0.357142857143
0.03785	0.0833333333333	0.2	0.233333333333	0.3	0.183333333333
0.06958	0.0	0.0	0.0	0.0	1.0
0.02079	0.461538461538	0.307692307692	0.0769230769231	0.0384615384615	0.115384615385
0.01602	0.857142857143	0.142857142857	0.0	0.0	0.0
0.08151	0.0	0.0	0.0	1.0	0.0
0.01816	0.777777777778	0.111111111111	0.0	0.0	0.111111111111
0.44444	0.0	0.00374531835206	0.0224719101124	0.318352059925	0.65543071161
0.11386	0.0	0.0	0.333333333333	0.333333333333	0.333333333333
0.06573	0.0273224043716	0.0437158469945	0.147540983607	0.393442622951	0.387978142077
0.13665	0.0	0.0	0.333333333333	0.333333333333	0.333333333333
0.10169	0.00599700149925	0.0164917541229	0.0779610194903	0.309845077461	0.589705147426
0.09062	0.0	0.0	0.0	0.333333333333	0.666666666667
0.03259	0.1875	0.25	0.1875	0.1875	0.1875
0.02189	0.888888888889	0.111111111111	0.0	0.0	0.0
0.00587	1.0	0.0	0.0	0.0	0.0
0.02556	0.285714285714	0.339285714286	0.142857142857	0.142857142857	0.0892857142857
0.07123	0.0	0.0	0.117647058824	0.294117647059	0.588235294118
0.00402	0.8	0.0	0.133333333333	0.0666666666667	0.0
0.0096	0.5	0.0	0.0	0.5	0.0
0.03852	0.2	0.1	0.2	0.5	0.0
0.04158	0.0294117647059	0.264705882353	0.147058823529	0.294117647059	0.264705882353
0.05705	0.0	0.0746268656716	0.0746268656716	0.44776119403	0.402985074627
0.01773	0.620689655172	0.258620689655	0.0689655172414	0.051724137931	0.0
0.08168	0.0	0.0	0.4	0.0	0.6
0.02672	0.295454545455	0.238636363636	0.204545454545	0.136363636364	0.125
0.07398	0.0	0.0	0.25	0.5	0.25
0.02782	0.2	0.333333333333	0.4	0.0666666666667	0.0
0.02941	0.244999145153	0.169259702513	0.168233886134	0.182937254231	0.234570011968
0.00775	0.589430894309	0.178861788618	0.0650406504065	0.10162601626	0.0650406504065
0.03326	0.392857142857	0.392857142857	0.0714285714286	0.107142857143	0.0357142857143
0.00911	1.0	0.0	0.0	0.0	0.0
0.09251	0.0	0.0	0.0294117647059	0.352941176471	0.617647058824
0.07343	0.0	0.0	0.0952380952381	0.333333333333	0.571428571429
0.13462	0.000881834215168	0.00617283950617	0.0493827160494	0.232804232804	0.710758377425
0.13084	0.0	0.0	0.0526315789474	0.245614035088	0.701754385965
0.01883	0.777777777778	0.111111111111	0.0	0.111111111111	0.0
0.10272	0.0	0.0	0.0	0.0	1.0
0.04335	0.0535714285714	0.125	0.178571428571	0.285714285714	0.357142857143
0.10492	0.0	0.0	0.0	0.0	1.0
0.0922	0.00913242009132	0.00456621004566	0.0684931506849	0.333333333333	0.584474885845
0.00483	0.72	0.16	0.04	0.04	0.04
0.10963	0.0	0.0	0.0	1.0	0.0
0.00535	0.702702702703	0.0810810810811	0.108108108108	0.0405405405405	0.0675675675676
0.03546	0.155027932961	0.159217877095	0.209497206704	0.210893854749	0.265363128492
0.00966	0.708860759494	0.177215189873	0.0506329113924	0.0379746835443	0.0253164556962
0.01828	0.703703703704	0.148148148148	0.037037037037	0.037037037037	0.0740740740741
0.01495	0.833333333333	0.166666666667	0.0	0.0	0.0
0.00295	0.25	0.0	0.25	0.25	0.25
0.10303	0.0	0.0169491525424	0.0677966101695	0.338983050847	0.576271186441
0.01822	0.666666666667	0.0	0.166666666667	0.166666666667	0.0
0.08113	0.0	0.0	0.0	1.0	0.0
0.03271	0.18875502008	0.180722891566	0.21686746988	0.21686746988	0.196787148594
0.05301	0.0	0.0	0.0625	0.375	0.5625
0.0299	0.175438596491	0.19298245614	0.210526315789	0.280701754386	0.140350877193
0.03173	1.0	0.0	0.0	0.0	0.0
0.05564	0.0	0.125	0.0	0.625	0.25
0.09141	0.0	0.0	0.0	0.5	0.5
0.02519	0.448275862069	0.310344827586	0.137931034483	0.0689655172414	0.0344827586207
0.07508	0.0	0.0	0.117647058824	0.352941176471	0.529411764706
0.07532	0.0	0.0	0.333333333333	0.166666666667	0.5
0.10217	0.0	0.0	0.0	0.0	1.0
0.01932	0.432258064516	0.245161290323	0.135483870968	0.129032258065	0.058064516129
0.0878	0.0	0.0	0.0967741935484	0.435483870968	0.467741935484
0.07563	0.0113780025284	0.0341340075853	0.111251580278	0.360303413401	0.482932996207
0.11073	0.0	0.0	0.0	0.0	1.0
0.02201	0.5	0.111111111111	0.194444444444	0.0555555555556	0.138888888889
0.0059	0.714285714286	0.0	0.142857142857	0.0	0.142857142857
0.04292	0.102941176471	0.107843137255	0.196078431373	0.299019607843	0.294117647059
0.031	0.6	0.4	0.0	0.0	0.0
0.16429	0.0	0.0	0.0	0.0	1.0
0.04182	0.0	0.0	0.166666666667	0.333333333333	0.5
0.09746	0.0	0.0	0.0	0.375	0.625
0.05607	0.0351906158358	0.0755131964809	0.16788856305	0.32991202346	0.391495601173
0.11795	0.0	0.0	0.166666666667	0.333333333333	0.5
0.20513	0.0	0.0	0.00344827586207	0.3	0.696551724138
0.03094	0.357142857143	0.0714285714286	0.214285714286	0.214285714286	0.142857142857
0.0155	0.494117647059	0.211764705882	0.115294117647	0.0917647058824	0.0870588235294
0.0214	0.727272727273	0.272727272727	0.0	0.0	0.0
0.04928	0.0338983050847	0.0847457627119	0.186440677966	0.406779661017	0.28813559322
0.14184	0.0	0.0	0.0	0.2	0.8
0.03864	0.0833333333333	0.291666666667	0.291666666667	0.166666666667	0.166666666667
0.03601	0.170731707317	0.121951219512	0.219512195122	0.292682926829	0.19512195122
0.15126	0.0	0.0	0.0	0.333333333333	0.666666666667
0.09667	0.0	0.0	0.0	1.0	0.0
0.04402	0.0	0.25	0.25	0.25	0.25
0.0118	0.75	0.0625	0.125	0.0	0.0625
0.062	0.0	0.0	0.333333333333	0.666666666667	0.0
0.36	0.0	0.0	0.0	0.111111111111	0.888888888889
0.01229	0.666666666667	0.333333333333	0.0	0.0	0.0
0.03644	0.186813186813	0.164835164835	0.208791208791	0.208791208791	0.230769230769
0.03656	0.176470588235	0.176470588235	0.176470588235	0.176470588235	0.294117647059
0.11489	0.0	0.0	0.0	0.5	0.5
0.08835	0.0	0.0588235294118	0.117647058824	0.176470588235	0.647058823529
0.12613	0.0138888888889	0.0	0.0138888888889	0.277777777778	0.694444444444
0.05509	0.0	0.25	0.25	0.0	0.5
0.03589	0.111111111111	0.222222222222	0.185185185185	0.259259259259	0.222222222222
0.03766	0.142857142857	0.21978021978	0.197802197802	0.230769230769	0.208791208791
0.04237	0.099725526075	0.138151875572	0.193046660567	0.28362305581	0.285452881976
0.0428	0.038961038961	0.142857142857	0.220779220779	0.344155844156	0.253246753247
0.07728	0.0	0.0	0.0	0.0	1.0
0.05136	0.0192307692308	0.0192307692308	0.211538461538	0.442307692308	0.307692307692
0.03491	0.127659574468	0.255319148936	0.234042553191	0.148936170213	0.234042553191
0.0236	0.472727272727	0.272727272727	0.0727272727273	0.109090909091	0.0727272727273
0.04225	0.113602941176	0.125367647059	0.178308823529	0.276838235294	0.305882352941
0.06597	0.0	0.0151515151515	0.181818181818	0.378787878788	0.424242424242
0.03039	0.257142857143	0.2	0.171428571429	0.0857142857143	0.285714285714
0.09055	0.0	0.0	0.222222222222	0.444444444444	0.333333333333
0.04084	0.0	0.0	0.0	0.0	1.0
0.045	0.0987261146497	0.101910828025	0.21974522293	0.308917197452	0.270700636943
0.00321	0.714285714286	0.142857142857	0.142857142857	0.0	0.0
0.07092	0.0162454873646	0.0397111913357	0.157039711191	0.357400722022	0.429602888087
0.02513	0.37339055794	0.184549356223	0.163090128755	0.137339055794	0.141630901288
0.0856	0.0	0.0	0.0	0.555555555556	0.444444444444
